ta000
4 3
 1  3  8
 9  3  5
 7  8  6
 4  8  7

ta001
20 5
54 79 16 66 58
83  3 89 58 56
15 11 49 31 20
71 99 15 68 85
77 56 89 78 53
36 70 45 91 35
53 99 60 13 53
38 60 23 59 41
27  5 57 49 69
87 56 64 85 13
76  3  7 85 86
91 61  1  9 72
14 73 63 39  8
29 75 41 41 49
12 47 63 56 47
77 14 47 40 87
32 21 26 54 58
87 86 75 77 18
68  5 77 51 68
94 77 40 31 28

ta002
20 5
26 59 78 88 69
38 62 90 54 30
27 44 64 47 61
88 10 49 83 35
95 23 47 84 53
55 64 20  9 98
54 47 61 30 94
63 68 93 11 33
23 54 36 92 77
45  9 47 63 31
86 30 70 62 54
43 31 54 75 71
43 92 87 48 78
40  7 13 23  9
37 14 40 85 79
54 95 34 23 51
35 76 55  4 76
59 82 13 31 56
43 91 11 13 80
50 37  5 98 72

ta003
20 5
77 39 14 11 83
94 31 21  2 13
 9 46 15 36 84
57 18 10 30 46
29 93 85 89 20
79 58 46 10 33
55 85 42 88 74
73 58 18 22 42
65 97 36 31 33
86 10  2  9 71
25 79 44 43 32
39 93 89 91 48
76  2  6 26 42
24 87  3  3 99
38 17  1 75  7
 5 18 43 99 54
91 10 81 63  8
29 50 57 83 73
22  8 76 70 30
27 26 59 84 75

ta004
20 5
53 93 90 65 64
19 79 92 97 38
99 88 35 27 44
62 77 13 25 46
88 94 75 61 66
93 39 55 24 31
34 74 80 97 48
72 46 67 61 27
42 17  3 75 82
65 30 93 92 51
39 62 54 73 90
79 77 67 21 63
 9 43 25 29 85
26 98 77  3 36
72 48 38 96 69
29 14 98 51 67
36 45 96 26 81
48 25 20 44 18
57 98 15 56 81
95 30 36 31 72

ta005
20 5
61 27 42 13 55
86 92 93 47 48
16  8 32  6 56
42 65 30 70 84
14 34 16 19 22
92  6 95 97 51
67 42 58 41 43
77 39 12  1 50
46  2 95 57 62
41  7 21 60 61
78 85 74 62 10
 3 32 38 14 87
72 14  4 90 99
95 74 31 76 40
53 59 62 12 91
59 95 39 89 64
34 48 97 37 62
66 37 57 35 53
42 59  9 91 33
63  4 54 69 16

ta006
20 5
71 13 61 21 91
27 11 25  8 13
55 73 52  5  7
90 43 72  8 95
11 27 89 58 20
18 33 75 59 69
42 57 60 85 45
64 42 28 35 44
73 71 94 84 29
95  3 95 97 32
22 11 18 93 94
53 49 73 60 84
32  8 40 99 60
 5  3 61 29 49
94 47 68 94 49
12 58 75 41 65
41 23 37 51 85
85 79 13 87 52
75 99 65 97  8
38 23  7 11 58

ta007
20 5
15 28 77  1 45
64  4 36 59 73
64 43 57 95 59
48 93 15 49 63
 9  1 81 90 54
91 81 82 78 98
27 77 98  3 39
34 69 97 69 75
42 52 12 99 33
 3 28 35 41  8
11 28 84 73 86
54 77 70 28 41
27 42 27 99 41
30 53 37 13 22
 9 46 59 59 43
15 49 42 47 34
88 15 57  8 80
55 43 16 92 16
50 65 11 87 37
57 41 34 62 94

ta008
20 5
34  5 86 28  8
20 48 35 39 91
57 80  5 55 45
47 43 93 21 55
62 34 74 25 75
40  2 12 88 18
74 87 40 59 59
94 68 95 40 86
 9 28 80 90 45
62 84  6 18 89
86 30 92 33 11
13 35 14 10 54
78 42 83 59 38
46 39 49 92 41
83 85 36 15 64
52 34 38 77 98
13 36 43 31 83
70  9 89 85 36
40 96 94 85 61
60 84 33 99 19

ta009
20 5
37 59 65 70 94
36 16 94  3 98
 1 90 96 43 63
 4  3 47 14 83
64 76 35 26 19
74 74 34 83 79
32 22 84 26 54
67 30  3 65 78
73 89 60 47 29
 7 61 34 94  8
78 39 70 75 38
64 15 57 30 97
98 69  8  1 61
60 57 74 71 10
89  9 13 46 37
49 13 37 87 16
 2 71 87 78 78
79  2 71 76 96
79 34 89 75  9
53 49 57 55 91

ta010
20 5
27 79 22 93 38
92 23 93 22 84
75 66 62 64 62
94  5 53 81 10
18 15 30 94 11
41 51 34 97 93
37  2 27 54 57
58 81 30 82 81
56 12 54 11 10
20 40 77 91 40
 2 59 24 23 62
39 32 47 32 49
91 16 39 26 90
81 87 66 22 34
33 78 41 12 11
14 41 46 23 81
88 43 24 34 51
22 94 23 87 21
36  1 68 59 39
65 93 50  2 27

ta011
20 10
74 28 89 60 54 92  9  4 25 15
21  3 52 88 66 11  8 18 15 84
58 27 56 26 12 54 88 25 91  8
 4 61 13 58 57 97 72 28 49 30
21 34  7 76 70 57 27 95 56 95
28 76 32 98 82 53 22 51 10 79
58 64 32 29 99 65 50 84 62  9
83 87 98 47 84 77  2 18 70 91
31 54 46 79 16 51 49  6 76 76
61 98 60 26 41 36 82 90 99 26
94 76 23 19 23 53 93 69 58 42
44 41 87 48 11 19 96 61 83 66
97 70  7 95 68 54 43 57 84 70
94 43 36 78 58 86 13  5 64 91
66 42 26 77 30 40 60 75 74 67
 6 79 85 90  5 56 11  4 14  3
37 88  7 24  5 79 37 38 18 98
22 15 34 10 39 74 91 28 48  4
99 49 36 85 58 24 84  4 96 71
83 72 48 55 31  3 67 80 86 62

ta012
20 10
80 59 59 31 30 53 93 90 65 64
13 83 70 64 88 19 79 92 97 38
64 85 76 11 14 99 88 35 27 44
77 85 10  9 22 62 77 13 25 46
17 70 65 32 93 88 94 75 61 66
78 35 19 58 48 93 39 55 24 31
82  2 77 98 10 34 74 80 97 48
 4 76 86 95  7 72 46 67 61 27
72 46 21 25 14 42 17  3 75 82
93 72 75  4 91 65 30 93 92 51
68 69 96 45  5 39 62 54 73 90
25 46  3 60 43 79 77 67 21 63
67  3 50 87 30  9 43 25 29 85
80 57 57 31 79 26 98 77  3 36
43 71 66  1 39 72 48 38 96 69
93 77 84 96 34 29 14 98 51 67
21 33 98 22 77 36 45 96 26 81
33 49 55 95 81 48 25 20 44 18
14 59 70 73 11 57 98 15 56 81
30 82 32 77 10 95 30 36 31 72