
MASZYNY 3

ZADANIA 4
25

MASZYNY 5

ZADANIA 20
1245
1305
1063
1280
1229
1185
1188
1178
1221
1108

MASZYNY 10
1588
1672
1516
1375
1453
1386
1499
1555
1592
1586

MASZYNY 20
2323
2119
2307
2225
2322
2239
2320
2223
2239
2207

ZADANIA 50
2668
2850
2614
2740
2851
2797
2741
2696
2558
2764
3176
3071
3024
3213
3205
3186
3256
3157
3057
3218
4165
3978
3957
4013
3939
4028
3994
4036
4016
4068

ZADANIA 100
5448
5297
5246
5038
5265
5125
5279
5134
5448
5354
5945
5537
5877
6076
5748
5509
5772
5825
6056
6000
6669
6724
6805
6724
6792
6928
6729
7013
6825
6886
