
MASZYNY 3

ZADANIA 4
7

MASZYNY 5

ZADANIA 20
54
60
69
49
76
66
63
37
63
19

MASZYNY 10
93
94
46
41
49
70
32
71
47
70

MASZYNY 20
120
15
107
32
48
110
63
26
67
50

ZADANIA 50
61
32
36
42
17
38
65
4
48
37
-1
2
-30
5
-19
-38
21
13
-32
49
-159
-20
-91
-60
-67
-167
-67
-122
-46
-32

ZADANIA 100
66
-13
-24
-15
-4
29
3
6
41
-18
-48
-71
-130
-152
-76
-114
-55
-73
-40
-63
-149
-174
-184
-135
-95
-115
-151
-222
-146
-206
