
MASZYNY 3

ZADANIA 4
32

MASZYNY 5

ZADANIA 20
1299
1365
1132
1329
1305
1251
1251
1215
1284
1127

MASZYNY 10
1681
1766
1562
1416
1502
1456
1531
1626
1639
1656

MASZYNY 20
2443
2134
2414
2257
2370
2349
2383
2249
2306
2257

ZADANIA 50
2729
2882
2650
2782
2868
2835
2806
2700
2606
2801
3175
3073
2994
3218
3186
3148
3277
3170
3025
3267
4006
3958
3866
3953
3872
3861
3927
3914
3970
4036

ZADANIA 100
5514
5284
5222
5023
5261
5154
5282
5140
5489
5336
5897
5466
5747
5924
5672
5395
5717
5752
6016
5937
6520
6550
6621
6589
6697
6813
6578
6791
6679
6680
