
    50
    90    22   785
   686    33   126
   176     2   114
    21     7   516
   716    41    22
   807    45   470
   565    38   546
   103    33    28
   564    35   357
   418    42   333
   577    39   636
   248    10    82
   328    17     8
   446    13   765
   656    30   798
   659    35   113
   394     1   243
   317    46   116
   132    45   178
   190    23   291
   249    46    88
   250    47   297
   792    49   541
   246    48   573
   786    43   481
   758     2   124
   216    18   306
   184    28   709
   810    28   434
   686    35   658
   206     9   263
   839    42   306
   113    27   807
   175    33   278
   720     6   141
    80    45   568
   201    46   766
   234    21   307
   333    24    55
   255    44   257
   504    47   559
    22    22   730
   245    36   636
   239    14    55
   683     8   117
   509     7   809
   464    13    39
   159    46   596
   242    35   428
   585     7   197

   100 
  1307    12   171
   700    24   972
   127    43   305
   896     2   847
   637    37    27
  1531    15   712
   830    33  1292
   176    24   308
  1516    30  1176
  1464    45   299
   675    22  1177
    30    45   155
   296    24   790
   821    25  1457
   893    36    19
  1384    45  1641
   897    11  1368
   199    21  1456
   405    37   130
   836    23   229
   428    40   751
  1275    49  1564
  1312    22  1445
  1322    35  1584
  1164    39   477
   384    45  1192
  1509    31   188
   600    37   657
  1027    15   743
   359    49   333
   696     8   926
  1608    18   712
   772    21  1302
   225    25   592
   657    28   267
  1099    48  1676
  1647    11  1340
   480    10   695
   165    46  1245
   687    21  1519
  1188    23  1560
   713    45   861
  1524     9  1465
  1206    12  1377
  1571    29   752
  1107     3  1300
    97    13   179
  1223    33  1515
   174    21   964
   110    34   317
   636    10   761
   497    28  1067
   620    20   136
   173    26  1270
   317    50   179
   197     6   490
  1020    32   377
   924    48  1230
  1283    33  1331
   129    26  1286
  1255    11   317
  1327     4  1127
   420    18   604
  1532     4   787
  1567     8   336
  1336    31   994
  1406     9  1007
  1607    22    11
  1278     8  1517
   531    30  1078
   118    45  1426
  1015    19   803
   890    25   134
  1654     2  1199
  1479    25   200
  1425    34   910
   864     2   809
   553    11  1055
   480    38   747
  1502     8   810
  1099    44  1451
  1409    40  1350
   618    39   646
  1583    18  1399
   686    49  1060
   848     1   620
   549    42   251
  1385    45  1326
  1172    35  1401
   985    13   485
   159    19   887
   422    45   144
   266     4  1510
   955    44  1218
   592    41   699
   196     4  1388
  1318     5  1410
   305     9   346
  1384    31   609
  1311     3   516

   200 
  1307    12   171
   700    24   972
   127    43   305
   896     2   847
  2337    37    27
  3231    15   712
  2530    33  1292
  1876    24   308
  1516    30  2876
  3164    45   299
   675    22  1177
    30    45  1855
   296    24  2490
   821    25  3157
   893    36    19
  1384    45  1641
   897    11  1368
  1899    21  3156
   405    37  1830
   836    23   229
   428    40  2451
  2975    49  3264
  1312    22  3145
  3022    35  3284
  1164    39   477
  2084    45  1192
  1509    31   188
  2300    37   657
  2727    15   743
   359    49  2033
  2396     8   926
  1608    18  2412
  2472    21  3002
   225    25  2292
   657    28  1967
  1099    48  1676
  3347    11  3040
   480    10  2395
  1865    46  1245
  2387    21  3219
  1188    23  3260
  2413    45   861
  3224     9  1465
  1206    12  1377
  1571    29  2452
  1107     3  1300
  1797    13   179
  1223    33  1515
   174    21  2664
   110    34   317
  2336    10   761
   497    28  2767
   620    20  1836
   173    26  1270
  2017    50  1879
   197     6   490
  1020    32  2077
  2624    48  1230
  1283    33  3031
  1829    26  1286
  1255    11  2017
  3027     4  2827
   420    18   604
  1532     4   787
  3267     8   336
  3036    31   994
  1406     9  2707
  1607    22  1711
  2978     8  3217
   531    30  2778
   118    45  3126
  2715    19   803
   890    25  1834
  1654     2  2899
  1479    25  1900
  3125    34  2610
   864     2  2509
  2253    11  2755
  2180    38  2447
  3202     8  2510
  2799    44  3151
  1409    40  1350
  2318    39   646
  1583    18  3099
  2386    49  1060
  2548     1   620
  2249    42   251
  3085    45  3026
  1172    35  1401
  2685    13   485
  1859    19   887
  2122    45  1844
   266     4  3210
   955    44  2918
   592    41  2399
   196     4  3088
  3018     5  1410
   305     9  2046
  1384    31   609
  1311     3   516
  1880    43  2194
  1948    25  2218
   239     5  2420
    51    38  3334
   697    47  2600
  1395    14    24
   978    44  2892
  1154    45   107
  2648    40  2901
   193    20   750
   995    23  1266
   323    18   386
   295     8  3314
  3384    46  2459
   539     8  2772
  1689     7    54
   405    47  2338
  2811    10   148
   567     7   438
   714     4  3259
  3362    28  2616
  2622    29  2926
   970    34  1011
  2730    25  1958
  1870    49   497
  2661     8   294
  2532    17   147
  1913    17   691
  2256    13  2179
  3325    33  1333
    55    44   441
  2811    27  1081
   816    47  3070
  1478     6  1861
  1074    40   105
   890    42   801
  3206    32   136
  1682    16  3160
  1161     9  1759
   305    45  2922
   722    43   613
   625    31  1465
  2007    17  1742
  3097    24  1813
   420    18  2569
  1452    39  1609
  1766    50  3275
  2671     6   255
  3310    29  1797
  2846     7   324
    92    26  1983
  1633    48  2369
   106    30   913
  2552    33   615
  2251    20  1339
  2228    16  2610
  1091    14  2805
  1913    36  1236
   399     8  2274
  2970    26  2839
   287    18  1590
  2125    24  2141
  1889    10  1540
  1928    20  1007
  1143    39  3082
   353    37  3014
  3299     1  2597
  1056    43  1311
  1911    12   407
  2280    39   579
   916    29  1545
   243    28  2397
  2959     2  1867
  1592    37  2085
  2046    37  1149
  2169    16    58
  1151    16  2395
  3044    41  2329
  2432    28  3271
   529    41   250
   489    29  3079
  1836    19  3207
   927    12  1040
  1365    24  3275
   238    20  1706
  2456    49  3167
  2450    46  2601
  1317     1  2698
  2240     4  3084
  2678    50   957
   889    30  1609
  3167    13  1472
   803    47   468
   211    21    90
   703    41   520
  2770     6   291
  3296    37  2121
   753    37  2560
  2394    42   401
  1347    49  1687

4
0 27 78
140 7 67
14 36 54
133 76 5

50
0 26 426
657 31 1441
1676 16 326
737 34 1476
453 38 263
357 84 585
639 67 1329
895 56 413
1609 8 1290
297 64 90
784 49 946
1708 44 245
580 26 1219
1166 88 574
1723 14 115
1725 27 738
1726 46 1254
207 51 1893
704 66 875
1722 37 803
353 18 1238
1447 47 1442
1227 63 1730
1805 3 695
158 55 360
1098 64 6
875 81 214
27 63 1023
1387 18 853
31 97 1032
623 26 77
1009 64 1595
918 66 1468
1170 49 1362
928 14 282
1646 10 612
718 93 407
1771 19 1196
1889 68 742
969 59 412
1215 98 228
1086 8 746
980 60 448
1333 48 156
25 26 822
967 98 1713
926 82 1148
411 25 1760
631 35 1278
1132 9 1027

50
13 49 801
1320 77 467
580 5 802
1255 71 90
1116 36 1785
145 27 1442
1214 69 1050
1875 13 1755
1776 64 1416
267 25 1226
497 21 824
1280 28 360
868 13 248
1458 90 1291
942 45 63
1555 57 1469
835 17 1867
852 76 699
826 20 308
270 29 333
542 97 578
210 27 1352
1282 66 260
1428 62 526
528 33 224
1489 18 1851
1158 24 1565
134 93 881
610 74 770
1733 52 316
1416 95 363
1243 99 1467
1533 84 875
1362 75 1580
327 57 1836
1735 51 40
469 66 1533
1 92 128
1174 31 524
1512 52 979
1690 9 1204
1424 60 421
900 64 1571
1520 78 964
1889 22 1416
803 77 1015
1045 42 219
1613 30 146
649 89 984
1864 37 1740

50
8 37 1828
1533 28 881
1818 98 450
1100 74 1189
272 81 1204
985 57 781
1325 30 417
989 48 266
1622 93 1322
1322 37 1486
1166 74 732
374 77 148
954 42 1643
644 55 2
160 67 608
1233 92 1781
499 7 383
1407 25 991
1632 41 1472
678 97 1337
696 10 1587
1531 35 92
952 99 131
490 90 215
1459 62 1036
242 18 1327
660 33 645
1586 10 921
961 73 1628
1256 69 288
1179 52 250
201 71 1420
232 19 606
40 87 221
1088 18 155
1061 78 1786
455 63 801
1466 77 746
73 49 1039
1723 53 1396
261 34 1366
741 40 1381
789 47 1242
1806 25 1196
269 41 136
316 35 1019
870 51 251
854 67 1693
824 23 499
1305 47 1746

7
10  5   7
13  6   26
11  7   24
20  4   21
30  3   8
10   6   17
30  2   10

10
219 5 276
84 13 103
336 35 146
271 62 264
120 33 303
299 14 328
106 46 91
181 93 97
263 13 168
79 60 235

6
1 5 9	
4 5 4	
1 4 6	
7 3 3	
3 6 8	
4 7 1

20
592 82 321
547 18 687
284 11 219
568 46 507
189 76 604
465 52 577
234 53 732
391 49 718
205 10 64
157 29 176
505 40 637
211 21 326
518 57 645
625 15 53
500 51 66
114 1 506
454 91 167
174 75 319
340 56 480
184 61 69